17 17 3 733 95 52.35 566 129.50 0 6 0 81 17
 16 16 4 708 175 59.00 453 156.29 1 4 0 57 51
 16 16 2 634 99 45.28 457 138.73 0 6 0 64 22
 18 17 4 548 100 42.15 365 150.13 1 4 3 50 18
 16 16 2 543 101 38.78 380 142.89 1 2 0 59 22
 19 19 5 538 79 38.42 409 131.54 0 4 0 35 28
 19 19 1 510 86 28.33 411 124.08 0 2 2 54 14
 18 18 4 488 68 34.85 458 106.55 0 4 0 42 11
 18 17 1 471 65 29.43 425 110.82 0 4 0 64 5
 18 16 5 461 67 41.90 283 162.89 0 4 0 32 25
 14 14 0 456 67 32.57 336 135.71 0 4 1 54 16
 16 16 0 434 75 27.12 371 116.98 0 2 1 42 12
 18 18 8 420 66 42.00 281 149.46 0 3 0 27 29
 12 12 5 418 101 59.71 254 164.56 1 3 0 28 24
 13 13 0 418 68 32.15 341 122.58 0 4 1 40 19
 16 16 3 410 77 31.53 323 126.93 0 4 2 41 14
 16 16 0 406 60 25.37 343 118.36 0 4 2 51 5
 14 14 4 360 64 36.00 219 164.38 0 2 0 34 15
 16 16 5 332 72 30.18 240 138.33 0 1 2 30 14
 15 15 0 331 66 22.06 313 105.75 0 2 0 39 6
 15 15 1 312 55 22.28 286 109.09 0 2 0 27 8
 10 10 2 311 73 38.87 253 122.92 0 3 1 37 5
 16 16 1 311 41 20.73 322 96.58 0 0 2 35 3
 14 13 2 307 51 27.90 240 127.91 0 1 0 28 13
 8 8 0 300 77 37.50 249 120.48 0 3 0 39 4
 13 13 1 295 95 24.58 233 126.60 0 1 1 41 6
 13 13 1 294 85 24.50 229 128.38 0 1 1 41 6
 13 13 0 294 61 22.61 255 115.29 0 1 0 37 4
 17 14 7 293 54 41.85 218 134.40 0 1 0 27 9
 17 16 7 293 41 32.55 199 147.23 0 0 1 25 12
 14 14 1 287 54 22.07 231 124.24 0 1 1 38 5
 19 17 3 265 37 18.92 231 114.71 0 0 2 22 4
 16 14 1 260 77 20.00 223 116.59 0 1 2 36 0
 14 14 1 255 92 19.61 236 108.05 0 2 2 36 6
 17 17 3 241 46 17.21 278 86.69 0 0 0 17 1
 13 13 1 238 34 19.83 190 125.26 0 0 0 14 15
 12 11 1 235 41 23.50 209 112.44 0 0 0 20 6
 16 14 4 233 40 23.30 163 142.94 0 0 0 12 14
 13 13 1 209 52 17.41 191 109.42 0 1 2 18 7
 11 10 2 206 63 25.75 178 115.73 0 1 2 19 5
 18 14 6 201 38 25.12 135 148.88 0 0 2 17 6
 11 10 0 196 80 19.60 154 127.27 0 2 2 22 5
 8 8 2 193 64 32.16 140 137.85 0 1 0 21 5
 10 9 3 174 60 29.00 132 131.81 0 1 1 11 10
 11 10 3 172 40 24.57 139 123.74 0 0 1 5 10
 10 9 5 165 44 41.25 125 132.00 0 0 0 20 3
 12 10 2 161 43 20.12 117 137.60 0 0 1 22 2
 7 7 3 159 41 39.75 132 120.45 0 0 0 15 4
 9 9 0 158 41 17.55 158 100.00 0 0 2 17 4
 12 10 3 152 31 21.71 124 122.58 0 0 1 8 5
 